---
- added: 8
  cycles: 1
  deleted: 8
  inserted: 8
  seconds: 0.001707048
  version: 0.43.0
  what: judges-summary
  when: 2025-05-23 15:07:11.036715276 Z
