---
- added: 8
  cycles: 1
  deleted: 8
  inserted: 8
  seconds: 0.001514347
  version: 0.43.0
  what: judges-summary
  when: 2025-05-23 17:36:52.665183925 Z
